268,58
267,128
338,8
338,7
338,6
335,10
335,5
335,4
308,472
308,327
308,6
309,7
268,4
262,117
262,116
308,468
262,138
338,3
335,3
308,3
309,3
267,33
267,144
262,135
262,132
302,3
304,4
315,6
267,46
262,45
314,6
314,5
314,4
262,111
262,127
262,118
262,108
262,105
262,103
262,100
262,97
262,95
262,92
262,89
262,86
262,84
262,81
262,78
262,76
262,65
262,37
262,34
262,31
262,29
262,26
262,22
262,134
262,15
262,12
262,42
262,114
262,113
262,112
267,60
1,45
3,44
1,44
3,43
2,43
1,43
3,42
2,42
1,42
3,41
2,41
1,41
3,40
2,40
1,40
3,39
2,39
1,39
3,38
2,38
1,38
3,37
2,37
1,37
3,36
2,36
1,36
3,35
2,35
1,35
3,34
2,34
1,34
3,33
2,33
1,33
3,32
2,32
1,32
3,31
2,31
1,31
3,30
2,30
1,30
3,29
2,29
1,29
3,28
2,28
1,28
3,27
2,27
1,27
3,26
2,26
1,26
3,25
2,25
1,25
3,24
2,24
1,24
3,23
2,23
1,23
3,22
2,22
1,22
3,21
2,21
1,21
3,20
2,20
1,20
3,19
2,19
1,19
3,18
2,18
1,18
3,17
2,17
1,17
3,16
2,16
1,16
3,15
2,15
1,15
3,14
2,14
1,14
3,13
2,13
1,13
3,12
2,12
1,12
3,11
2,11
1,11
3,10
2,10
1,10
3,9
2,9
1,9
3,8
2,8
1,8
3,7
2,7
1,7
3,6
2,6
1,6
3,5
2,5
1,5
3,4
2,4
1,4
3,3
2,3
1,3
0,6
262,20
262,129
2,44
262,10
262,130
268,34
262,73
262,70
267,125
267,122
267,119
267,117
267,114
267,111
267,109
267,106
267,103
267,101
267,98
267,95
267,92
267,90
267,87
267,84
267,82
267,79
267,76
267,73
267,71
267,68
267,65
267,52
267,44
267,41
267,38
267,35
267,27
267,19
267,17
267,14
267,11
267,8
267,6
267,3
268,15
268,96
268,93
268,91
268,88
268,85
268,82
268,80
268,77
268,74
268,72
268,69
268,47
268,42
268,39
268,36
268,28
268,25
268,23
268,17
268,12
262,3
267,259
267,258
267,257
268,108
268,107
268,106
268,105
268,104
268,103
268,102
268,101
268,100
268,99
268,98
268,97
251,4
251,3
251,2
251,1
250,8
250,7
250,6
250,5
250,4
250,3
250,2
250,1
249,5
249,4
249,3
249,2
249,1
248,5
248,4
248,3
248,2
248,1
247,4
247,3
247,2
247,1
246,4
246,3
246,2
246,1
245,5
245,4
245,3
245,2
245,1
244,4
244,3
244,2
244,1
243,4
243,3
243,2
243,1
242,7
242,6
242,5
242,4
242,3
242,2
242,1
241,6
241,5
241,4
241,3
241,2
240,3
240,2
236,7
236,6
236,4
236,3
236,1
224,3
224,1
220,3
220,2
220,1
218,3
218,2
217,3
217,2
217,1
214,3
214,2
214,1
213,3
213,2
208,3
208,1
207,3
207,1
206,3
206,1
205,35
205,34
205,33
205,32
205,31
205,30
205,29
205,28
205,27
205,26
205,25
205,24
205,23
205,22
205,21
205,20
205,19
205,18
205,17
205,15
205,14
205,13
205,12
205,11
205,10
205,9
205,8
205,7
205,6
205,5
205,4
205,3
205,1
203,3
203,1
192,6
192,5
192,4
192,3
192,2
180,3
180,1
150,27
150,25
150,24
150,22
150,21
150,19
150,17
150,16
150,14
150,13
150,11
150,9
150,8
150,5
150,3
150,1
144,140
144,138
144,137
144,135
144,134
144,132
144,130
144,129
144,89
144,88
144,86
144,84
144,83
144,81
144,80
144,78
144,77
144,75
144,73
144,72
144,70
144,69
144,67
144,65
144,64
144,62
144,61
144,58
144,56
144,54
144,53
144,51
144,50
144,48
144,46
144,45
144,43
144,42
144,40
144,39
144,37
144,35
144,34
144,32
144,31
144,29
144,27
144,26
144,24
144,23
144,21
144,19
144,18
144,16
144,15
144,13
144,12
144,10
144,8
144,7
144,5
144,4
144,3
144,2
127,4
127,3
127,2
127,1
7,3
5,14
5,13
5,12
5,11
5,10
5,9
5,8
5,7
5,6
5,5
5,4
5,3
5,2
5,0
4,3
3,2
2,2
1,2
0,63
0,62
0,61
0,60
0,54
251,5
252,1
252,3
252,4
252,6
252,7
252,9
252,11
252,12
253,1
253,2
253,4
254,2
254,3
255,2
255,3
256,1
256,2
256,4
256,6
256,7
256,9
256,10
256,12
256,14
256,15
256,17
256,18
256,20
256,21
256,23
257,2
257,3
257,5
258,1
258,3
258,5
258,6
258,8
258,9
258,11
258,12
258,14
258,16
258,17
258,19
258,20
258,22
258,24
258,25
258,27
258,28
258,30
258,32
258,33
258,35
258,64
258,66
258,67
258,69
258,71
258,72
258,74
258,75
258,77
258,79
258,80
258,82
258,83
258,85
258,86
258,88
258,90
258,91
258,93
258,94
258,96
258,98
258,99
258,101
258,102
258,104
258,105
258,107
258,109
258,110
258,112
258,113
258,115
258,117
258,118
258,120
258,121
258,123
258,125
258,126
258,128
258,129
258,131
258,132
258,134
258,136
258,137
258,139
258,140
258,142
258,144
258,145
258,147
258,148
258,150
258,151
258,153
258,155
258,156
258,158
258,159
258,161
258,163
258,164
258,166
258,167
258,169
258,170
258,172
258,174
258,175
258,177
258,178
258,180
259,1
259,2
259,4
259,5
259,7
259,8
259,10
259,12
259,13
259,15
259,16
259,18
259,20
259,21
259,23
259,24
259,26
259,28
259,29
259,31
259,32
259,34
259,35
259,37
259,39
259,40
259,42
259,43
259,45
259,47
259,48
259,50
259,51
259,53
259,54
259,56
259,58
259,59
259,61
259,62
259,64
259,66
259,67
259,69
259,70
259,72
259,73
259,75
259,77
259,78
259,80
259,81
259,83
259,85
259,86
259,88
259,89
259,91
259,93
259,94
259,96
259,97
259,99
259,100
259,102
259,104
259,105
259,107
259,108
259,110
259,112
259,113
259,115
259,116
259,129
259,130
259,132
259,134
259,135
259,137
259,138
259,140
259,142
259,143
259,145
259,146
259,191
260,1
260,3
260,5
260,6
261,1
261,2
261,4
262,1
262,2
262,4
262,5
262,7
262,8
262,11
262,13
262,14
262,18
262,19
262,21
262,24
262,25
262,27
262,28
262,30
262,32
262,33
262,35
262,36
262,38
262,39
262,41
262,43
262,44
262,64
262,71
262,72
262,74
262,75
262,77
262,79
262,80
262,82
262,83
262,85
262,87
262,88
262,90
262,91
262,93
262,94
262,96
262,98
262,99
262,101
262,102
262,104
262,106
262,107
262,109
262,110
262,115
262,119
262,125
262,126
262,128
262,131
262,133
263,1
263,2
264,1
264,3
265,1
265,3
266,1
266,3
266,4
266,6
267,1
267,2
267,4
267,5
267,7
267,12
267,13
267,15
267,16
267,20
267,21
267,23
267,24
267,26
267,28
267,29
267,31
267,32
267,34
267,36
267,37
267,39
267,40
267,42
267,43
267,45
267,47
267,48
267,50
267,51
267,53
267,55
267,56
267,58
267,59
267,61
267,62
267,64
267,66
267,67
267,69
267,70
267,72
267,74
267,75
267,77
267,78
267,80
267,81
267,83
267,85
267,86
267,88
267,89
267,91
267,93
267,94
267,96
267,97
267,99
267,100
267,102
267,104
267,105
267,107
267,108
267,110
267,112
267,113
267,115
267,116
267,118
267,120
267,121
267,123
267,124
267,126
267,127
267,129
267,131
267,132
267,134
267,135
267,137
267,139
267,140
267,142
267,143
267,145
267,146
267,148
267,150
267,151
267,153
267,154
267,156
267,193
267,256
268,2
268,3
268,5
268,6
268,13
268,14
268,16
268,21
268,22
268,24
268,27
268,29
268,30
268,32
268,33
268,35
268,37
268,38
268,40
268,41
268,43
268,45
268,46
268,49
268,51
268,52
268,54
268,56
268,57
268,59
268,60
268,62
268,67
268,68
268,70
268,71
268,73
268,75
268,76
268,78
268,79
268,81
268,83
268,84
268,86
268,87
268,89
268,90
268,92
268,94
268,95
268,128
268,129
268,163
269,2
269,3
270,2
270,3
270,5
270,7
270,8
270,10
270,11
270,13
270,14
270,16
270,18
270,19
270,21
270,22
270,24
270,26
270,27
270,29
270,30
270,32
270,33
270,35
270,65
270,66
270,68
270,69
270,71
270,73
270,74
270,76
270,77
270,79
271,1
271,3
272,2
272,3
273,2
273,3
274,2
275,1
275,2
277,1
277,2
278,1
278,3
279,1
279,3
280,1
280,3
281,1
281,3
282,2
282,3
282,5
282,6
283,1
283,3
284,1
284,3
285,1
285,3
286,1
286,3
286,5
286,6
286,8
286,9
286,11
286,13
286,14
287,1
287,2
288,1
288,2
289,1
289,3
290,1
290,3
291,1
291,3
292,2
292,3
293,2
293,3
293,5
293,6
293,8
293,10
293,11
293,13
293,14
293,16
293,18
293,19
293,21
293,22
293,24
293,26
293,27
293,29
293,30
293,32
293,33
293,35
294,2
294,3
294,5
294,6
294,8
294,10
294,11
294,13
294,14
294,16
294,17
294,19
294,21
294,22
294,24
294,25
294,27
294,29
294,30
294,32
294,33
294,35
294,64
294,66
294,68
294,69
294,71
294,72
294,74
294,76
294,77
294,79
294,80
294,82
294,84
294,85
294,87
294,88
294,90
294,91
294,93
295,2
295,3
295,5
295,6
295,8
295,10
295,11
295,13
295,14
295,16
295,17
295,19
295,21
295,22
295,24
295,25
296,2
297,1
297,2
298,1
298,2
298,4
299,1
299,3
300,2
300,3
301,2
301,3
302,2
302,4
302,5
303,2
303,3
303,5
304,2
304,3
304,5
305,1
305,3
305,4
306,1
306,3
306,4
307,2
307,3
307,5
308,1
308,2
308,4
308,5
308,7
308,8
308,10
308,12
308,13
308,15
308,16
308,18
308,20
308,21
308,23
308,24
308,26
308,27
308,29
308,31
308,32
308,34
308,35
308,37
308,39
308,40
308,42
308,43
308,45
308,46
308,48
308,50
308,51
308,53
308,54
308,56
308,58
308,59
308,61
308,62
308,64
308,66
308,67
308,69
308,70
308,72
308,73
308,75
308,77
308,78
308,80
308,81
308,83
308,85
308,86
308,88
308,89
308,91
308,92
308,94
308,96
308,97
308,99
308,100
308,128
308,130
308,131
308,133
308,134
308,136
308,137
308,139
308,141
308,142
308,144
308,145
308,147
308,149
308,150
308,152
308,153
308,155
308,157
308,158
308,160
308,161
308,163
308,164
308,166
308,168
308,169
308,171
308,172
308,174
308,176
308,177
308,179
308,180
308,182
308,183
308,185
308,187
308,188
308,190
308,191
308,193
308,195
308,196
308,198
308,199
308,201
308,202
308,204
308,206
308,207
308,209
308,210
308,212
308,214
308,215
308,217
308,218
308,220
308,221
308,223
308,225
308,226
308,228
308,229
308,231
308,233
308,234
308,236
308,237
308,239
308,241
308,242
308,244
308,245
308,247
308,248
308,250
308,252
308,253
308,255
308,256
308,258
308,260
308,261
308,263
308,264
308,266
308,267
308,269
308,271
308,272
308,274
308,275
308,277
308,279
308,280
308,282
308,283
308,285
308,286
308,288
308,290
308,291
308,293
308,294
308,296
308,298
308,299
308,301
308,302
308,304
308,306
308,307
308,309
308,310
308,312
308,313
308,315
308,317
308,318
308,320
308,321
308,323
308,325
308,326
308,328
308,329
308,331
308,332
308,334
308,336
308,337
308,339
308,340
308,342
308,344
308,345
308,347
308,348
308,350
308,351
308,353
308,355
308,356
308,358
308,359
308,361
308,363
308,364
308,366
308,367
308,369
308,370
308,372
308,374
308,375
308,377
308,378
308,380
308,382
308,383
308,385
308,386
308,388
308,390
308,391
308,393
308,394
308,396
308,397
308,399
308,449
308,450
308,452
308,453
308,455
308,457
308,458
308,460
308,461
308,463
308,464
308,466
308,469
308,471
308,513
308,515
308,516
308,518
308,519
308,521
308,522
309,2
309,4
309,5
309,8
309,10
309,12
309,13
309,15
309,16
309,18
309,20
309,21
309,23
309,24
309,26
309,27
309,29
309,31
309,32
309,34
309,35
309,37
309,39
309,40
309,42
310,1
310,3
310,4
311,2
312,1
312,2
313,1
313,2
314,1
314,3
315,1
315,3
315,4
316,2
316,3
317,1
317,2
317,4
317,6
317,7
318,2
318,3
319,2
319,4
319,5
319,7
319,8
319,10
319,11
319,13
319,15
319,16
319,18
319,19
319,21
319,23
319,24
319,26
319,27
319,29
319,30
319,32
319,34
319,35
320,1
320,2
320,4
321,2
321,3
321,5
321,6
322,1
322,2
323,1
323,3
323,4
323,6
324,1
324,3
324,5
324,6
324,8
324,9
324,11
324,12
324,14
324,16
325,1
325,3
326,1
326,3
327,2
327,3
327,5
328,1
328,3
328,5
328,6
329,2
329,3
329,5
330,1
330,3
330,5
330,6
330,8
330,9
330,11
330,13
330,14
330,16
330,17
330,19
330,20
330,22
330,24
330,25
330,27
330,28
330,30
330,32
330,33
330,35
330,36
330,38
330,39
330,41
330,43
330,44
330,46
330,47
330,49
330,51
330,52
331,2
331,3
332,2
333,1
333,2
334,1
334,2
335,1
335,2
335,6
335,7
335,9
335,12
335,14
335,15
335,17
335,18
336,1
336,2
336,4
337,2
337,3
337,5
338,1
338,5
339,1
339,3
339,4
341,1
341,3
267,0
268,0
341,2
341,0
339,2
338,4
338,2
337,4
337,1
336,3
335,19
335,16
335,13
335,11
335,8
334,3
333,3
332,3
332,1
331,1
330,50
330,48
330,45
330,42
330,40
330,37
330,34
330,31
330,29
330,26
330,23
330,21
330,18
330,15
330,12
330,10
330,7
330,4
330,2
329,4
329,1
328,4
328,2
327,4
327,1
326,2
325,2
324,15
324,13
324,10
324,7
324,4
324,2
323,5
323,2
322,3
321,7
321,4
321,1
320,3
319,36
319,33
319,31
319,28
319,25
319,22
319,20
319,17
319,14
319,12
319,9
319,6
319,3
319,1
318,1
317,5
317,3
316,4
316,1
315,5
315,2
314,2
313,3
312,3
311,3
311,1
310,2
309,41
309,38
309,36
309,33
309,30
309,28
309,25
309,22
309,19
309,17
309,14
309,11
309,9
309,6
309,1
308,520
308,517
308,514
308,512
308,470
308,467
308,465
308,462
308,459
308,456
308,454
308,451
308,448
308,398
308,395
308,392
308,389
308,387
308,384
308,381
308,379
308,376
308,373
308,371
308,368
308,365
308,362
308,360
308,357
308,354
308,352
308,349
308,346
308,343
308,341
308,338
308,335
308,333
308,330
308,324
308,322
308,319
308,316
308,314
308,311
308,308
308,305
308,303
308,300
308,297
308,295
308,292
308,289
308,287
308,284
308,281
308,278
308,276
308,273
308,270
308,268
308,265
308,262
308,259
308,257
308,254
308,251
308,249
308,246
308,243
308,240
308,238
308,235
308,232
308,230
308,227
308,224
308,222
308,219
308,216
308,213
308,211
308,208
308,205
308,203
308,200
308,197
308,194
308,192
308,189
308,186
308,184
308,181
308,178
308,175
308,173
308,170
308,167
308,165
308,162
308,159
308,156
308,154
308,151
308,148
308,146
308,143
308,140
308,138
308,135
308,132
308,129
308,101
308,98
308,95
308,93
308,90
308,87
308,84
308,82
308,79
308,76
308,74
308,71
308,68
308,65
308,63
308,60
308,57
308,55
308,52
308,49
308,47
308,44
308,41
308,38
308,36
308,33
308,30
308,28
308,25
308,22
308,19
308,17
308,14
308,11
308,9
307,6
307,4
307,1
306,2
305,5
305,2
304,1
303,4
303,1
302,1
301,1
300,1
299,2
298,3
297,3
296,3
296,1
295,23
295,20
295,18
295,15
295,12
295,9
295,7
295,4
295,1
294,92
294,89
294,86
294,83
294,81
294,78
294,75
294,73
294,70
294,67
294,65
294,34
294,31
294,28
294,26
294,23
294,20
294,18
294,15
294,12
294,9
294,7
294,4
294,1
293,34
293,31
293,28
293,25
293,23
293,20
293,17
293,15
293,12
293,9
293,7
293,4
293,1
292,1
291,2
290,2
289,2
288,3
287,3
286,15
286,12
286,10
286,7
286,4
286,2
285,2
284,2
283,2
282,7
282,4
282,1
281,2
280,2
279,2
278,2
277,3
275,3
274,3
274,1
273,1
272,1
271,2
270,78
270,75
270,72
270,70
270,67
270,64
270,34
270,31
270,28
270,25
270,23
270,20
270,17
270,15
270,12
270,9
270,6
270,4
270,1
269,1
268,130
268,63
268,61
268,55
268,53
268,50
268,44
268,31
268,7
268,1
267,192
267,155
267,152
267,149
267,147
267,141
267,138
267,136
267,133
267,130
267,63
267,57
267,54
267,49
267,30
267,25
267,22
266,7
266,5
266,2
265,2
264,2
263,3
262,40
262,0
261,3
260,7
260,4
260,2
259,147
259,144
259,141
259,139
259,136
259,133
259,131
259,128
259,114
259,111
259,109
259,106
259,103
259,101
259,98
259,95
259,92
259,90
259,87
259,84
259,82
259,79
259,76
259,74
259,71
259,68
259,65
259,63
259,60
259,57
259,55
259,52
259,49
259,46
259,44
259,41
259,38
259,36
259,33
259,30
259,27
259,25
259,22
259,19
259,17
259,14
